Road     Lane |     x        y   |     x        y   |        yaw       
-------------------------------------------------------------------------
1959   69 -2 -2 |  -33.17,  193.61 |  -62.04,  185.99 | -180.14, -138.61 
1959   69 -1 -1 |  -33.16,  197.11 |  -64.36,  188.62 | -180.14, -138.61 
1933   69 -1 -2 |  -37.22,  178.33 |  -62.04,  185.99 | -213.73, -138.61 
1917   21 -1  1 | -129.62,   45.75 | -145.53,   38.65 | -225.32,  270.03 
1909   22 -1 -1 | -149.03,   38.65 | -149.05,   78.95 |   90.03,   90.03 
1908   21  1  1 | -145.55,   78.95 | -145.53,   38.65 |  270.03,  270.03 
1861   21 -1 -1 | -134.71,   -3.31 | -149.01,    7.43 | -539.71,   90.03 
1846   20 -1  1 | -134.71,   -3.31 | -145.50,  -10.69 | -539.71,  270.03 
1829   21 -1 -1 | -149.00,  -10.69 | -149.01,    7.43 |   90.03,   90.03 
1828   20  1  1 | -145.51,    7.43 | -145.50,  -10.69 |  270.03,  270.03 
1810   43 -1 -1 |   94.08,  -73.42 |   79.25,  -64.69 | -538.49,   92.02 
1809   42 -1  1 |   94.17,  -76.92 |   83.45,  -84.55 | -178.49,  272.02 
1806   43 -1 -1 |   79.96,  -84.67 |   79.25,  -64.69 |   92.02,   92.02 
1805   42  1  1 |   82.75,  -64.56 |   83.45,  -84.55 |  272.02,  272.02 
1786   10 -5 -5 |   -0.36,   23.83 |   15.35,   17.38 |   -0.36,  -44.28 
1786   10 -4 -4 |   -0.38,   20.33 |   12.90,   14.87 |   -0.36,  -44.28 
1735   74 -1 -1 |  150.71, -145.84 |  150.28, -120.85 |   91.00,   91.00 
1734   73  1  1 |  153.78, -120.79 |  154.21, -145.78 |  271.00,  271.00 
1608 1608 -3 -1 |   -7.72,  -29.63 |  -16.79,  -16.18 |   99.60,  135.00 
1608 1608 -2 -1 |   -4.27,  -29.05 |  -16.79,  -16.18 |   99.60,  135.00 
1608   61 -1 -1 |  -16.79,  -16.18 |  -43.35,   -2.84 |  135.00, -179.71 
1566   13  5 -5 |  -21.25,   11.11 |  -20.14,   12.96 |   61.81,   56.34 
1566 1566  2  5 |  -41.37,    0.67 |  -21.25,   11.11 |    0.29,   61.81 
1566 1566  1  2 |  -43.37,    0.66 |  -41.37,    0.67 |    0.29,    0.29 
1470   13 -5 -5 |  -23.94,    0.62 |  -20.14,   12.96 |   89.40,   56.34 
1470   13 -4 -4 |  -20.44,    0.58 |  -17.23,   11.02 |   89.40,   56.34 
1467   75 -1 -1 |  149.62,  -82.83 |  149.27,  -62.80 | -269.00,   91.00 
1453   59 -1 -5 |  149.62,  -82.83 |  138.67,  -75.75 | -269.00, -178.49 
1435   52 -1  1 |   91.52,   65.61 |  105.79,   62.55 |  -36.45,  359.85 
1431   81 -1 -2 |  105.79,   59.05 |   91.46,   54.53 | -180.15, -145.51 
1425   67 -2 -2 |  230.60,   41.97 |  229.66,   80.57 | -268.61,   91.39 
1425   67 -1 -1 |  234.10,   42.06 |  233.16,   80.66 | -268.61,   91.39 
1382   66  1  2 |  210.40,   62.29 |  241.09,   42.23 |   -0.15,  271.39 
1374   47 -1 -1 |  230.60,   41.97 |  210.40,   58.79 | -268.61,  179.85 
1354   47  1 -1 |  240.16,   80.83 |  210.40,   58.79 |  271.39,  179.85 
1335   28  2  2 |   -0.30, -149.10 |   -0.92, -123.99 | -268.59,   91.41 
1335   28  3  3 |   -3.80, -149.18 |   -4.42, -124.08 | -268.59,   91.41 
1214 1214 -4 -4 |   18.18,   14.29 |   19.44,   12.50 |  -52.20,  -57.72 
1214 1214 -3 -3 |   15.42,   12.15 |   16.48,   10.63 |  -52.20,  -57.72 
1214   46 -4  4 |   19.44,   12.50 |   29.05,    7.10 |  -57.72,   -0.99 
1214   46 -3  3 |   16.48,   10.63 |   28.99,    3.60 |  -57.72,   -0.99 
1206   11 -5 -5 |   18.18,   14.29 |   22.95,    0.56 |  -52.20,  -89.55 
1206   11 -4 -4 |   15.42,   12.15 |   19.45,    0.53 |  -52.20,  -89.55 
1197 1197 -4 -4 |   46.55,   -7.79 |   43.65,   -7.83 | -179.14, -179.14 
1197 1197 -3 -3 |   46.50,   -4.29 |   43.60,   -4.33 | -179.14, -179.14 
1197   34 -4  4 |   43.65,   -7.83 |   31.77,   -8.05 | -179.14,  181.57 
1197   34 -3  3 |   43.60,   -4.33 |   31.68,   -4.55 | -179.14,  181.57 
1188    7 -1 -2 |  148.47,  -16.55 |  135.56,   -6.46 | -269.00, -179.14 
1181   75 -1  1 |  164.56,   -6.02 |  151.97,  -16.49 | -179.14,  271.00 
1174    7 -2 -2 |  164.56,   -6.02 |  135.56,   -6.46 | -179.14, -179.14 
1174    7 -1 -1 |  164.50,   -2.52 |  135.51,   -2.96 | -179.14, -179.14 
1173    6  4  4 |  135.39,    5.04 |  164.38,    5.48 |    0.86,    0.86 
1173    6  5  5 |  135.34,    8.54 |  164.33,    8.98 |    0.86,    0.86 
1166   65  2  2 |  241.60,   21.57 |  242.53,  -16.92 |  -88.61,  271.39 
1166   65  3  3 |  245.10,   21.65 |  246.03,  -16.84 |  -88.61,  271.39 
1165   66 -2 -2 |  232.04,  -17.18 |  231.10,   21.31 | -268.61,   91.39 
1165   66 -1 -1 |  235.53,  -17.09 |  234.60,   21.40 | -268.61,   91.39 
1158    5 -1 -2 |  232.04,  -17.18 |  221.12,   -5.18 | -268.61, -179.14 
1146   66  1 -1 |  220.95,    6.32 |  234.60,   21.40 | -359.14,   91.39 
1105   15  2  2 |   29.33,   -4.62 |    5.39,  -28.81 |  181.84,  257.80 
1105   15  3  3 |   29.44,   -8.11 |    8.81,  -29.55 |  181.84,  257.80 
1066   80 -1  1 |  185.66,   58.85 |  167.17,   78.51 |  179.85,   89.99 
1468   74  1  1 |  152.77,  -62.74 |  153.12,  -82.77 |  -89.00,  271.00 
1059   47 -1  1 |  170.67,   78.51 |  185.66,   62.35 | -450.01,  359.85 
1868   62  1  1 | -145.51,    7.43 | -134.73,    0.19 |  -89.97,    0.29 
1050   48 -1 -1 |  185.66,   58.85 |  150.96,   58.94 |  179.85,  179.85 
1853   62 -1  1 | -149.00,  -10.69 | -134.73,    0.19 |   90.03,    0.29 
1030   31  4  4 |    2.29,  179.21 |    2.15,  156.60 |  269.64,  269.64 
1030   31  5  5 |    5.79,  179.19 |    5.65,  156.58 |  269.64,  269.64 
1020   58 -1 -4 |   -9.35,  156.68 |  -22.47,  171.02 |   89.64,  161.01 
1018   61  1  1 |  -97.70,    0.38 |  -65.06,    0.55 | -359.71,    0.29 
1426   66  2  2 |  240.16,   80.83 |  241.09,   42.23 |  -88.61,  271.39 
1426   66  3  3 |  243.65,   80.91 |  244.59,   42.32 |  -88.61,  271.39 
1017   62 -1 -1 |  -65.04,   -2.95 |  -97.68,   -3.12 | -539.71, -179.71 
 990   44 -1 -4 |  -65.04,   -2.95 | -102.69,   23.49 | -539.71,  134.68 
 980   44  1 -5 |  -97.70,    0.38 | -105.18,   21.03 |    0.29,  134.68 
 974    4 -1 -1 |  -65.04,   -2.95 |  -84.79,   28.56 | -539.71,   89.84 
 967   61  1  1 |  -74.29,   28.53 |  -65.06,    0.55 |  -90.16,    0.29 
 956    4  1 -2 |  -97.70,    0.38 |  -88.29,   28.57 |    0.29,   89.84 
 949   62  1 -1 |  -77.79,   28.54 |  -97.68,   -3.12 |  -90.16, -179.71 
 943   44  1 -4 |  -77.79,   28.54 | -102.69,   23.49 |  -90.16,  134.68 
 934   61 -1  1 |  -84.89,  -10.41 |  -65.06,    0.55 |   89.84,    0.29 
1334   29 -2 -2 |    9.58, -123.74 |   10.19, -148.84 | -448.59,  -88.59 
1334   29 -1 -1 |    6.08, -123.82 |    6.70, -148.92 | -448.59,  -88.59 
 925    3 -1  3 |  -65.04,   -2.95 |  -74.39,  -10.44 | -539.71,  269.84 
 911    3  1  2 |  -97.70,    0.38 |  -77.89,  -10.43 |    0.29,  269.84 
  89   33 -1  4 |   17.11,  196.99 |    2.30,  180.80 | -180.14,  269.64 
 906   44 -1 -5 |  -88.39,  -10.40 | -105.18,   21.03 |   89.84,  134.68 
  88   68 -1 -1 |   -5.70,  180.85 |  -20.40,  197.08 |   89.64,  179.86 
1100   36 -5 -5 |   22.94,   -0.23 |    0.61,  -23.04 |  -91.53, -177.20 
1100   36 -4 -4 |   19.44,   -0.13 |    0.44,  -19.54 |  -91.53, -177.20 
 282    4 -1  2 |  -78.14,  146.86 |  -77.54,  120.37 | -450.21,  269.84 
  81   60 -2 -2 |   91.46,   54.53 |   91.08,   54.27 | -145.51, -145.51 
 489    8 -1 -2 |   77.60,  -17.86 |   64.68,   -7.51 | -267.98, -179.14 
  80 1070 -1 -1 |  170.68,   83.29 |  170.67,   78.51 |  -90.01, -450.01 
  80 1059 -1 -1 |  170.68,   83.29 |  170.67,   78.51 |  -90.01, -450.01 
  80   79  1  1 |  167.17,   78.51 |  167.18,   83.29 |   89.99,   89.99 
  79   80 -1 -1 |  170.68,   84.40 |  170.68,   83.29 |  -90.01,  -90.01 
  79   78  1  1 |  167.18,   83.29 |  167.18,   84.40 |   89.99,   89.99 
  78   79 -1 -1 |  170.68,   88.41 |  170.68,   84.40 |  -90.01,  -90.01 
  78   77  1  1 |  167.18,   84.40 |  167.18,   88.41 |   89.99,   89.99 
1713   74  1 -1 |  139.66, -131.78 |  150.28, -120.85 | -358.77,   91.00 
  77   78 -1 -1 |  170.68,   89.02 |  170.68,   88.41 |  -90.01,  -90.01 
  77   76  1  1 |  167.18,   88.41 |  167.18,   89.02 |   89.99,   89.99 
  76   77 -1 -1 |   21.24,  134.29 |  170.68,   89.02 |   -0.82,  -90.01 
  76  227  1  1 |  167.18,   89.02 |   21.19,  130.79 |   89.99,  179.18 
  76  144  1  1 |  167.18,   89.02 |   21.19,  130.79 |   89.99,  179.18 
  76  203  1  1 |  167.18,   89.02 |   21.19,  130.79 |   89.99,  179.18 
  75 1188 -1 -1 |  149.27,  -62.80 |  148.47,  -16.55 |   91.00, -269.00 
  75 1468  1  1 |  151.97,  -16.49 |  152.77,  -62.74 |  271.00,  -89.00 
  75 1445  1  1 |  151.97,  -16.49 |  152.77,  -62.74 |  271.00,  271.00 
 482    8 -1 -1 |   93.63,   -3.58 |   64.63,   -4.02 | -539.14, -179.14 
  73 1735 -1 -1 |  151.33, -181.03 |  150.71, -145.84 |   91.00,   91.00 
  73 1697 -1 -1 |  151.33, -181.03 |  150.71, -145.84 |   91.00, -269.00 
  73  551  1  1 |  154.21, -145.78 |  154.83, -180.97 |  271.00,  271.00 
1708   17  1 -1 |  153.78, -120.79 |  139.73, -135.28 |  271.00, -178.77 
1089   36  3 -4 |   15.33,  -11.50 |    0.44,  -19.54 | -128.23, -177.20 
1089   36  4 -5 |   18.08,  -13.67 |    0.61,  -23.04 | -128.23, -177.20 
1089 1089  3  3 |   29.33,   -4.62 |   15.33,  -11.50 |  181.84, -128.23 
1089 1089  4  4 |   29.44,   -8.11 |   18.08,  -13.67 |  181.84, -128.23 
 271    4 -1  3 |  -74.64,  146.85 |  -74.04,  120.36 | -450.21,  269.84 
 668    2 -2 -2 |   20.90, -207.48 |  -11.89, -208.31 | -178.56, -178.56 
 668    2 -1 -1 |   20.82, -203.98 |  -11.97, -204.81 | -178.56, -178.56 
 667    1  2  2 |  -12.15, -197.81 |   20.64, -196.99 |    1.44,    1.44 
 667    1  3  3 |  -12.24, -194.31 |   20.55, -193.49 |    1.44,    1.44 
  69  341 -2 -1 |  -62.04,  185.99 |  -74.64,  146.85 | -138.61, -450.21 
  69  271 -2 -1 |  -62.04,  185.99 |  -74.64,  146.85 | -138.61, -450.21 
  69  324 -1 -1 |  -64.36,  188.62 |  -78.14,  146.86 | -138.61, -450.21 
  69  282 -1 -1 |  -64.36,  188.62 |  -78.14,  146.86 | -138.61, -450.21 
  69 1960  2  2 |  -85.14,  146.89 |  -68.99,  193.87 |   89.79,   41.39 
  69 1960  3  3 |  -88.64,  146.90 |  -71.30,  196.50 |   89.79,   41.39 
  68 1959 -2 -2 |  -20.41,  193.58 |  -33.17,  193.61 |  179.86, -180.14 
  68 1959 -1 -1 |  -20.40,  197.08 |  -33.16,  197.11 |  179.86, -180.14 
  68  101  2  2 |  -33.15,  204.11 |  -20.38,  204.08 |  359.86,   -0.14 
  68  101  3  3 |  -33.14,  207.61 |  -20.37,  207.58 |  359.86,   -0.14 
1703   73  1  1 |  139.66, -131.78 |  154.21, -145.78 | -358.77,  271.00 
  67  100 -2 -2 |  229.66,   80.57 |   17.10,  193.49 |   91.39, -180.14 
  67   90 -2 -1 |  229.66,   80.57 |   17.10,  193.49 |   91.39,  179.86 
  67  100 -1 -1 |  233.16,   80.66 |   17.11,  196.99 |   91.39, -180.14 
  67   89 -1 -1 |  233.16,   80.66 |   17.11,  196.99 |   91.39, -180.14 
  67 1426  2  2 |   17.13,  203.99 |  240.16,   80.83 |  359.86,  -88.61 
  67 1354  2  1 |   17.13,  203.99 |  240.16,   80.83 |  359.86,  271.39 
  67 1426  3  3 |   17.14,  207.49 |  243.65,   80.91 |  359.86,  -88.61 
1293   19 -1 -1 |    6.08, -123.82 |  -13.36, -138.56 | -448.59, -178.77 
  66 1425 -2 -2 |  231.10,   21.31 |  230.60,   41.97 |   91.39, -268.61 
  66 1374 -2 -1 |  231.10,   21.31 |  230.60,   41.97 |   91.39, -268.61 
  66 1425 -1 -1 |  234.60,   21.40 |  234.10,   42.06 |   91.39, -268.61 
  66 1166  2  2 |  241.09,   42.23 |  241.60,   21.57 |  271.39,  -88.61 
  66 1166  3  3 |  244.59,   42.32 |  245.10,   21.65 |  271.39,  -88.61 
  65 1165 -2 -2 |  166.21, -193.90 |  232.04,  -17.18 |   -0.00, -268.61 
  65 1158 -2 -1 |  166.21, -193.90 |  232.04,  -17.18 |   -0.00, -268.61 
  65 1165 -1 -1 |  166.21, -197.40 |  235.53,  -17.09 |   -0.00, -268.61 
  65 1156 -1 -1 |  166.21, -197.40 |  235.53,  -17.09 |   -0.00, -268.61 
  65  519  2  1 |  242.53,  -16.92 |  166.21, -204.40 |  271.39,  180.00 
  65  526  3  1 |  246.03,  -16.84 |  166.21, -207.90 |  271.39,  180.00 
 263   24 -1 -1 |  -84.54,  120.39 |  -61.00,  135.35 |   89.84,   -1.30 
  62 1846 -1 -1 |  -97.68,   -3.12 | -134.71,   -3.31 | -179.71, -539.71 
  62 1861 -1 -1 |  -97.68,   -3.12 | -134.71,   -3.31 | -179.71, -539.71 
  62 1018  1  1 | -134.73,    0.19 |  -97.70,    0.38 |    0.29, -359.71 
  62  980  1  1 | -134.73,    0.19 |  -97.70,    0.38 |    0.29,    0.29 
  62  956  1  1 | -134.73,    0.19 |  -97.70,    0.38 |    0.29,    0.29 
  62  911  1  1 | -134.73,    0.19 |  -97.70,    0.38 |    0.29,    0.29 
1697   17 -1 -1 |  150.71, -145.84 |  139.73, -135.28 | -269.00, -178.77 
  61 1017 -1 -1 |  -43.35,   -2.84 |  -65.04,   -2.95 | -179.71, -539.71 
  61  990 -1 -1 |  -43.35,   -2.84 |  -65.04,   -2.95 | -179.71, -539.71 
  61  974 -1 -1 |  -43.35,   -2.84 |  -65.04,   -2.95 | -179.71, -539.71 
  61  925 -1 -1 |  -43.35,   -2.84 |  -65.04,   -2.95 | -179.71, -539.71 
  61 1566  1  1 |  -65.06,    0.55 |  -43.37,    0.66 |    0.29,    0.29 
  60   45 -2 -2 |   91.08,   54.27 |   90.95,   66.04 | -145.51,  -36.81 
  59 1809 -5 -1 |  138.67,  -75.75 |   94.17,  -76.92 | -178.49, -178.49 
  59 1810 -4 -1 |  138.58,  -72.25 |   94.08,  -73.42 | -178.49, -538.49 
  58 1933 -4 -1 |  -22.47,  171.02 |  -37.22,  178.33 |  161.01, -213.73 
1284   29  1 -1 |  -13.44, -135.06 |    6.70, -148.92 | -358.77,  -88.59 
 875    4 -2 -2 |  -88.39,  -10.40 |  -88.29,   28.57 |   89.84,   89.84 
 875    4 -1 -1 |  -84.89,  -10.41 |  -84.79,   28.56 |   89.84,   89.84 
 874    3  2  2 |  -77.79,   28.54 |  -77.89,  -10.43 |  269.84,  269.84 
 874    3  3  3 |  -74.29,   28.53 |  -74.39,  -10.44 |  269.84,  269.84 
1073   80  1  1 |  150.96,   62.44 |  167.17,   78.51 |   -0.15,   89.99 
 255    4  1  3 |  -61.08,  131.85 |  -74.04,  120.36 |  178.70,  269.84 
1691   25  2 -2 |   -2.87,  -45.09 |   -3.90,  -31.39 | -268.59,   98.22 
1691   25  3 -3 |   -6.37,  -45.17 |   -7.37,  -31.89 | -268.59,   98.22 
1070   48 -1 -1 |  170.67,   78.51 |  150.96,   58.94 | -450.01,  179.85 
  52 1431 -1 -1 |  136.36,   58.98 |  105.79,   59.05 |  179.85, -180.15 
  52   51  1  1 |  105.79,   62.55 |  136.36,   62.48 |  359.85,  359.85 
  51   52 -1 -1 |  136.74,   58.98 |  136.36,   58.98 |  179.85,  179.85 
  51   50  1  1 |  136.36,   62.48 |  136.74,   62.48 |  359.85,  359.85 
  50   51 -1 -1 |  141.24,   58.96 |  136.74,   58.98 |  179.85,  179.85 
  50   49  1  1 |  136.74,   62.48 |  141.24,   62.46 |  359.85,  359.85 
  49   50 -1 -1 |  145.06,   58.95 |  141.24,   58.96 |  179.85,  179.85 
  49   48  1  1 |  141.24,   62.46 |  145.06,   62.45 |  359.85,  359.85 
1684   28  1 -1 |    4.08,  -42.92 |    4.13,  -44.92 |  -88.59,  -88.59 
1684   28  2 -2 |    7.58,  -42.83 |    7.63,  -44.83 |  -88.59,  -88.59 
1684 1684  2  1 |    4.95,  -31.07 |    4.08,  -42.92 |  -99.96,  -88.59 
1684 1684  3  2 |    8.40,  -31.68 |    7.58,  -42.83 |  -99.96,  -88.59 
1275   19  1 -1 |   -3.80, -149.18 |  -13.36, -138.56 |   91.41, -178.77 
  48   49 -1 -1 |  150.96,   58.94 |  145.06,   58.95 |  179.85,  179.85 
  48 1073  1  1 |  145.06,   62.45 |  150.96,   62.44 |  359.85,   -0.15 
  48 1049  1  1 |  145.06,   62.45 |  150.96,   62.44 |  359.85,  359.85 
  47 1050 -1 -1 |  210.40,   58.79 |  185.66,   58.85 |  179.85,  179.85 
  47 1066 -1 -1 |  210.40,   58.79 |  185.66,   58.85 |  179.85,  179.85 
  47 1382  1  1 |  185.66,   62.35 |  210.40,   62.29 |  359.85,   -0.15 
  47 1363  1  1 |  185.66,   62.35 |  210.40,   62.29 |  359.85,   -0.15 
 246   23 -1  1 |  -88.04,  120.40 |  -98.20,  132.69 |   89.84,  178.70 
  22 1679 -1 -1 | -149.05,   78.95 | -149.06,   92.68 |   90.03,   90.03 
  22 1908  1  1 | -145.56,   92.68 | -145.55,   78.95 |  270.03,  270.03 
  21 1909 -1 -1 | -149.01,    7.43 | -149.03,   38.65 |   90.03,   90.03 
  21 1828  1  1 | -145.53,   38.65 | -145.51,    7.43 |  270.03,  270.03 
  21 1868  1  1 | -145.53,   38.65 | -145.51,    7.43 |  270.03,  -89.97 
 817   19  1  1 |  -74.71, -124.95 |  -65.15, -136.17 |  -90.16,    1.23 
1655   14 -5 -5 |  -18.55,   15.07 |   -2.18,   23.76 |   49.66,    4.25 
1655   14 -4 -4 |  -15.88,   12.81 |   -1.92,   20.27 |   49.66,    4.25 
  19  853 -1 -1 |  -13.36, -138.56 |  -65.08, -139.67 | -178.77, -178.77 
  19  783 -1 -1 |  -13.36, -138.56 |  -65.08, -139.67 | -178.77, -538.77 
  19  809 -1 -1 |  -13.36, -138.56 |  -65.08, -139.67 | -178.77, -538.77 
  19 1301  1  1 |  -65.15, -136.17 |  -13.44, -135.06 |    1.23, -358.77 
  19 1229  1  1 |  -65.15, -136.17 |  -13.44, -135.06 |    1.23,    1.23 
  19 1284  1  1 |  -65.15, -136.17 |  -13.44, -135.06 |    1.23, -358.77 
  18 1251 -1 -1 |   70.84, -136.75 |   19.21, -137.86 | -178.77, -178.77 
  18 1230 -1 -1 |   70.84, -136.75 |   19.21, -137.86 | -178.77, -178.77 
  18 1266 -1 -1 |   70.84, -136.75 |   19.21, -137.86 | -178.77, -178.77 
  18  449  1  1 |   19.14, -134.36 |   70.76, -133.26 |    1.23, -358.77 
  18  383  1  1 |   19.14, -134.36 |   70.76, -133.26 |    1.23,    1.23 
  18  413  1  1 |   19.14, -134.36 |   70.76, -133.26 |    1.23,    1.23 
  17  384 -1 -1 |  139.73, -135.28 |   96.18, -136.21 | -178.77, -178.77 
  17  365 -1 -1 |  139.73, -135.28 |   96.18, -136.21 | -178.77, -178.77 
  17  394 -1 -1 |  139.73, -135.28 |   96.18, -136.21 | -178.77, -178.77 
  17 1703  1  1 |   96.11, -132.71 |  139.66, -131.78 |    1.23, -358.77 
  17 1713  1  1 |   96.11, -132.71 |  139.66, -131.78 |    1.23, -358.77 
1243   18  1  1 |   -0.30, -149.10 |   19.14, -134.36 |   91.41,    1.23 
  16 1737  3  3 |   -7.71,   29.26 |   -7.52,   30.36 |   79.90,   80.77 
  16 1737  4  4 |  -11.16,   29.87 |  -10.98,   30.92 |   79.90,   80.77 
  15 1684  2  2 |    5.39,  -28.81 |    4.95,  -31.07 |  257.80,  -99.96 
  15 1684  3  3 |    8.81,  -29.55 |    8.40,  -31.68 |  257.80,  -99.96 
  14    9 -5 -5 |   -2.18,   23.76 |   -0.50,   23.83 |    4.25,   -0.00 
  14    9 -4 -4 |   -1.92,   20.27 |   -0.50,   20.33 |    4.25,   -0.00 
 809    3 -1 -1 |  -65.08, -139.67 |  -85.21, -124.92 | -538.77,   89.84 
  12 1470 -5 -5 |  -23.95,    0.38 |  -23.94,    0.62 |   90.00,   89.40 
  12 1470 -4 -4 |  -20.45,    0.38 |  -20.44,    0.58 |   90.00,   89.40 
  11   35 -5 -5 |   22.95,    0.56 |   22.95,    0.38 |  -89.55,  -90.00 
  11   35 -4 -4 |   19.45,    0.53 |   19.45,    0.38 |  -89.55,  -90.00 
  90   33 -1  5 |   17.10,  193.49 |    5.80,  180.78 |  179.86,  269.64 
 499   65  1 -2 |  140.56, -190.47 |  166.21, -193.90 | -358.56,   -0.00 
 203   30  1  5 |   21.19,  130.79 |    5.41,  118.25 |  179.18,  269.64 
 918   62 -1 -1 |  -88.39,  -10.40 |  -97.68,   -3.12 |   89.84, -179.71 
 100   68 -2 -2 |   17.10,  193.49 |  -20.41,  193.58 | -180.14,  179.86 
 100   68 -1 -1 |   17.11,  196.99 |  -20.40,  197.08 | -180.14,  179.86 
 697    1 -1  3 |   11.06, -184.06 |   20.55, -193.49 | -448.59,    1.44 
1230   19 -1 -1 |   19.21, -137.86 |  -13.36, -138.56 | -178.77, -178.77 
   3  918 -2 -1 |  -88.71, -124.91 |  -88.39,  -10.40 |   89.84,   89.84 
   3  906 -2 -1 |  -88.71, -124.91 |  -88.39,  -10.40 |   89.84,   89.84 
   3  875 -2 -2 |  -88.71, -124.91 |  -88.39,  -10.40 |   89.84,   89.84 
   3  875 -1 -1 |  -85.21, -124.92 |  -84.89,  -10.41 |   89.84,   89.84 
   3  934 -1 -1 |  -85.21, -124.92 |  -84.89,  -10.41 |   89.84,   89.84 
   3  831  2  1 |  -77.89,  -10.43 |  -78.21, -124.94 |  269.84,  -90.16 
   3  742  2  2 |  -77.89,  -10.43 |  -78.21, -124.94 |  269.84,  269.84 
   3  742  3  3 |  -74.39,  -10.44 |  -74.71, -124.95 |  269.84,  269.84 
   3  817  3  1 |  -74.39,  -10.44 |  -74.71, -124.95 |  269.84,  -90.16 
1229   18  1  1 |  -13.44, -135.06 |   19.14, -134.36 |    1.23,    1.23 
   2  743 -2 -2 |  -11.89, -208.31 |  -88.47, -151.23 | -178.56,   91.84 
   2  791 -2 -1 |  -11.89, -208.31 |  -88.47, -151.23 | -178.56,   91.84 
   2  776 -1 -1 |  -11.97, -204.81 |  -84.97, -151.12 | -178.56,   91.84 
   2  743 -1 -1 |  -11.97, -204.81 |  -84.97, -151.12 | -178.56,   91.84 
   2  667  2  2 |  -77.97, -150.89 |  -12.15, -197.81 |  271.84,    1.44 
   2  726  3  1 |  -74.48, -150.78 |  -12.24, -194.31 |  271.84,    1.44 
   2  667  3  3 |  -74.48, -150.78 |  -12.24, -194.31 |  271.84,    1.44 
   0  589 -2 -2 |  140.92, -204.47 |   97.52, -205.56 | -178.56, -178.56 
   0  589 -1 -1 |  140.83, -200.97 |   97.43, -202.06 | -178.56, -178.56 
   0  510  2  1 |   97.26, -195.06 |  140.65, -193.97 |    1.44, -358.56 
   0  499  3  1 |   97.17, -191.56 |  140.56, -190.47 |    1.44, -358.56 
   0  533  3  1 |   97.17, -191.56 |  140.56, -190.47 |    1.44, -358.56 
   1  668 -2 -2 |   71.80, -206.20 |   20.90, -207.48 | -178.56, -178.56 
   1  668 -1 -1 |   71.71, -202.70 |   20.82, -203.98 | -178.56, -178.56 
   1  703 -1 -1 |   71.71, -202.70 |   20.82, -203.98 | -178.56, -178.56 
   1  588  2  2 |   20.64, -196.99 |   71.53, -195.71 |    1.44,    1.44 
   1  631  3  1 |   20.55, -193.49 |   71.45, -192.21 |    1.44, -358.56 
   1  588  3  3 |   20.55, -193.49 |   71.45, -192.21 |    1.44,    1.44 
 399   17  1  1 |   84.78, -122.01 |   96.11, -132.71 |  272.02,    1.23 
   6 1174 -2 -2 |  220.32,   -5.19 |  164.56,   -6.02 | -179.14, -179.14 
   6 1181 -2 -1 |  220.32,   -5.19 |  164.56,   -6.02 | -179.14, -179.14 
   6 1174 -1 -1 |  220.27,   -1.69 |  164.50,   -2.52 | -179.14, -179.14 
   6    5  4  4 |  164.38,    5.48 |  220.15,    6.31 |    0.86,    0.86 
   6    5  5  5 |  164.33,    8.98 |  220.10,    9.81 |    0.86,    0.86 
 104   24 -1  1 |   -9.59,  118.35 |  -18.99,  130.90 | -270.36,  178.70 
   7  494 -2 -1 |  135.56,   -6.46 |   93.68,   -7.08 | -179.14, -179.14 
   7  482 -1 -1 |  135.51,   -2.96 |   93.63,   -3.58 | -179.14, -539.14 
   7 1173  4  4 |   93.51,    4.42 |  135.39,    5.04 |    0.86,    0.86 
   7 1173  5  5 |   93.46,    7.92 |  135.34,    8.54 |    0.86,    0.86 
   8 1197 -2 -4 |   64.68,   -7.51 |   46.55,   -7.79 | -179.14, -179.14 
   8 1197 -1 -3 |   64.63,   -4.02 |   46.50,   -4.29 | -179.14, -179.14 
   8  483  4  4 |   46.38,    3.71 |   64.51,    3.98 |    0.86, -359.14 
   8  483  5  5 |   46.33,    7.21 |   64.45,    7.48 |    0.86, -359.14 
 406   18 -1 -1 |   82.18, -147.46 |   70.84, -136.75 |   92.02, -178.77 
   9 1786 -5 -5 |   -0.50,   23.83 |   -0.36,   23.83 |   -0.00,   -0.36 
   9 1786 -4 -4 |   -0.50,   20.33 |   -0.38,   20.33 |   -0.00,   -0.36 
  10 1206 -5 -5 |   15.35,   17.38 |   18.18,   14.29 |  -44.28,  -52.20 
  10 1214 -5 -4 |   15.35,   17.38 |   18.18,   14.29 |  -44.28,  -52.20 
  10 1206 -4 -4 |   12.90,   14.87 |   15.42,   12.15 |  -44.28,  -52.20 
  10 1214 -4 -3 |   12.90,   14.87 |   15.42,   12.15 |  -44.28,  -52.20 
1624   38 -5 -5 |   -1.58,  -23.04 |  -23.87,   -1.45 | -182.73,   94.63 
1624   38 -4 -4 |   -1.42,  -19.54 |  -20.38,   -1.17 | -182.73,   94.63 
  23  332 -1 -1 | -148.49,  113.47 |  -98.13,  136.19 |   79.09,   -1.30 
  23  317 -1 -1 | -148.49,  113.47 |  -98.13,  136.19 |   79.09,   -1.30 
  23  239 -1 -1 | -148.49,  113.47 |  -98.13,  136.19 |   79.09, -361.30 
  23 1678  1  1 |  -98.20,  132.69 | -145.06,  112.81 |  178.70,  259.09 
 110   30 -1  4 |  -18.92,  134.40 |    1.91,  118.27 |   -1.30,  269.64 
 519    0  1 -1 |  166.21, -204.40 |  140.83, -200.97 |  180.00, -178.56 
1251   29 -1 -2 |   19.21, -137.86 |   10.19, -148.84 | -178.77,  -88.59 
  24  110 -1 -1 |  -61.00,  135.35 |  -18.92,  134.40 |   -1.30,   -1.30 
  24  130 -1 -1 |  -61.00,  135.35 |  -18.92,  134.40 |   -1.30,   -1.30 
  24  139 -1 -1 |  -61.00,  135.35 |  -18.92,  134.40 |   -1.30,   -1.30 
  24  350  1  1 |  -18.99,  130.90 |  -61.08,  131.85 |  178.70, -181.30 
  24  255  1  1 |  -18.99,  130.90 |  -61.08,  131.85 |  178.70,  178.70 
  24  316  1  1 |  -18.99,  130.90 |  -61.08,  131.85 |  178.70,  178.70 
1031   32 -2 -2 |   -9.35,  156.68 |   -9.21,  179.29 |   89.64,   89.64 
1031   32 -1 -1 |   -5.85,  156.65 |   -5.71,  179.26 |   89.64,   89.64 
 213   76 -1 -1 |   -6.09,  118.32 |   21.24,  134.29 |   89.64,   -0.82 
 622    0  1  3 |   86.19, -182.34 |   97.17, -191.56 |  270.15,    1.44 
 123   24  1  1 |    2.10,  149.11 |  -18.99,  130.90 |  269.64,  178.70 
 413   41  1  1 |   70.76, -133.26 |   85.67, -147.34 |    1.23,  272.02 
   4  246 -2 -1 |  -88.29,   28.57 |  -88.04,  120.40 |   89.84,   89.84 
   4  298 -2 -1 |  -88.29,   28.57 |  -88.04,  120.40 |   89.84,   89.84 
   4  263 -1 -1 |  -84.79,   28.56 |  -84.54,  120.39 |   89.84,   89.84 
   4  291 -1 -1 |  -84.79,   28.56 |  -84.54,  120.39 |   89.84,   89.84 
   4  949  2  1 |  -77.54,  120.37 |  -77.79,   28.54 |  269.84,  -90.16 
   4  874  2  2 |  -77.54,  120.37 |  -77.79,   28.54 |  269.84,  269.84 
   4  943  2  1 |  -77.54,  120.37 |  -77.79,   28.54 |  269.84,  -90.16 
   4  967  3  1 |  -74.04,  120.36 |  -74.29,   28.53 |  269.84,  -90.16 
   4  874  3  3 |  -74.04,  120.36 |  -74.29,   28.53 |  269.84,  269.84 
   5    6 -2 -2 |  221.12,   -5.18 |  220.32,   -5.19 | -179.14, -179.14 
   5    6 -1 -1 |  221.07,   -1.68 |  220.27,   -1.69 | -179.14, -179.14 
   5 1146  4  1 |  220.15,    6.31 |  220.95,    6.32 |    0.86, -359.14 
   5 1142  5  1 |  220.10,    9.81 |  220.90,    9.82 |    0.86, -359.14 
 823    3  1 -2 |  -99.64, -136.91 |  -88.71, -124.91 |    1.23,   89.84 
  28 1334 -2 -2 |    7.63,  -44.83 |    9.58, -123.74 |  -88.59, -448.59 
  28 1257 -2 -1 |    7.63,  -44.83 |    9.58, -123.74 |  -88.59, -448.59 
  28 1334 -1 -1 |    4.13,  -44.92 |    6.08, -123.82 |  -88.59, -448.59 
  28 1293 -1 -1 |    4.13,  -44.92 |    6.08, -123.82 |  -88.59, -448.59 
  28 1691  2  2 |   -0.92, -123.99 |   -2.87,  -45.09 |   91.41, -268.59 
  28 1691  3  3 |   -4.42, -124.08 |   -6.37,  -45.17 |   91.41, -268.59 
 227   31  1 -1 |   21.19,  130.79 |   -5.90,  149.16 |  179.18,   89.64 
  29  697 -2 -1 |   10.19, -148.84 |   11.06, -184.06 |  -88.59, -448.59 
  29  713 -1 -1 |    6.70, -148.92 |    7.56, -184.14 |  -88.59, -448.59 
  29 1335  2  2 |    0.57, -184.32 |   -0.30, -149.10 |   91.41, -268.59 
  29 1243  2  1 |    0.57, -184.32 |   -0.30, -149.10 |   91.41,   91.41 
  29 1335  3  3 |   -2.93, -184.40 |   -3.80, -149.18 |   91.41, -268.59 
  29 1275  3  1 |   -2.93, -184.40 |   -3.80, -149.18 |   91.41,   91.41 
1257   18 -1  1 |    9.58, -123.74 |   19.14, -134.36 | -448.59,    1.23 
  30  104 -2 -1 |  -10.07,   43.63 |   -9.59,  118.35 |   89.64, -270.36 
  30  184 -2 -2 |  -10.07,   43.63 |   -9.59,  118.35 |   89.64,   89.64 
  30  213 -1 -1 |   -6.57,   43.61 |   -6.09,  118.32 |   89.64,   89.64 
  30  184 -1 -1 |   -6.57,   43.61 |   -6.09,  118.32 |   89.64,   89.64 
  30 1772  4  3 |    1.91,  118.27 |    1.43,   43.56 |  269.64,  -90.36 
  30 1772  5  4 |    5.41,  118.25 |    4.93,   43.53 |  269.64,  -90.36 
1445   59  1 -4 |  152.77,  -62.74 |  138.58,  -72.25 |  271.00, -178.49 
  31 1031 -2 -2 |   -9.40,  149.19 |   -9.35,  156.68 |   89.64,   89.64 
  31 1020 -2 -1 |   -9.40,  149.19 |   -9.35,  156.68 |   89.64,   89.64 
  31 1031 -1 -1 |   -5.90,  149.16 |   -5.85,  156.65 |   89.64,   89.64 
  31  123  4  1 |    2.15,  156.60 |    2.10,  149.11 |  269.64,  269.64 
  31  183  4  4 |    2.15,  156.60 |    2.10,  149.11 |  269.64,  269.64 
  31  222  5  1 |    5.65,  156.58 |    5.60,  149.09 |  269.64,  -90.36 
  31  183  5  5 |    5.65,  156.58 |    5.60,  149.09 |  269.64,  269.64 
  32   33 -2 -2 |   -9.21,  179.29 |   -9.21,  179.86 |   89.64,   89.64 
  32   33 -1 -1 |   -5.71,  179.26 |   -5.71,  179.83 |   89.64,   89.64 
  32 1030  4  4 |    2.29,  179.78 |    2.29,  179.21 |  269.64,  269.64 
  32 1030  5  5 |    5.79,  179.76 |    5.79,  179.19 |  269.64,  269.64 
 130   31 -1 -2 |  -18.92,  134.40 |   -9.40,  149.19 |   -1.30,   89.64 
 852   19  1  1 |  -99.64, -136.91 |  -65.15, -136.17 |    1.23,    1.23 
  34 1089  3  3 |   31.68,   -4.55 |   29.33,   -4.62 |  181.57,  181.84 
  34 1105  3  2 |   31.68,   -4.55 |   29.33,   -4.62 |  181.57,  181.84 
  34 1089  4  4 |   31.77,   -8.05 |   29.44,   -8.11 |  181.57,  181.84 
  34 1105  4  3 |   31.77,   -8.05 |   29.44,   -8.11 |  181.57,  181.84 
 222   76  1 -1 |    5.60,  149.09 |   21.24,  134.29 |  -90.36,   -0.82 
 631   41  1 -1 |   71.45, -192.21 |   82.69, -182.35 | -358.56,   90.15 
 853   20 -1 -1 |  -65.08, -139.67 |  -99.56, -140.41 | -178.77, -178.77 
  35 1122 -5 -3 |   22.95,    0.38 |   22.94,   -0.23 |  -90.00,  -91.53 
  35 1100 -5 -5 |   22.95,    0.38 |   22.94,   -0.23 |  -90.00,  -91.53 
  35 1122 -4 -2 |   19.45,    0.38 |   19.44,   -0.13 |  -90.00,  -91.53 
  35 1100 -4 -4 |   19.45,    0.38 |   19.44,   -0.13 |  -90.00,  -91.53 
  13 1655 -5 -5 |  -20.14,   12.96 |  -18.55,   15.07 |   56.34,   49.66 
  13 1661 -5 -4 |  -20.14,   12.96 |  -18.55,   15.07 |   56.34,   49.66 
  13 1655 -4 -4 |  -17.23,   11.02 |  -15.88,   12.81 |   56.34,   49.66 
  13 1661 -4 -3 |  -17.23,   11.02 |  -15.88,   12.81 |   56.34,   49.66 
 831   20  1 -1 |  -78.21, -124.94 |  -99.56, -140.41 |  -90.16, -178.77 
  36   37 -5 -5 |    0.61,  -23.04 |   -0.50,  -23.07 | -177.20, -180.00 
  36   37 -4 -4 |    0.44,  -19.54 |   -0.50,  -19.57 | -177.20, -180.00 
1661 1661 -4 -4 |  -18.55,   15.07 |  -17.09,   16.64 |   49.66, -315.00 
1661 1661 -3 -3 |  -15.88,   12.81 |  -14.61,   14.17 |   49.66, -315.00 
1661   16 -4  4 |  -17.09,   16.64 |  -11.16,   29.87 | -315.00,   79.90 
1661   16 -3  3 |  -14.61,   14.17 |   -7.71,   29.26 | -315.00,   79.90 
  25 1608 -3 -3 |   -7.37,  -31.89 |   -7.72,  -29.63 |   98.22,   99.60 
  25 1577 -3 -3 |   -7.37,  -31.89 |   -7.72,  -29.63 |   98.22,   99.60 
  25 1608 -2 -2 |   -3.90,  -31.39 |   -4.27,  -29.05 |   98.22,   99.60 
  25 1577 -2 -2 |   -3.90,  -31.39 |   -4.27,  -29.05 |   98.22,   99.60 
 434   41  1  1 |   84.78, -122.01 |   85.67, -147.34 |  272.02,  272.02 
  37 1624 -5 -5 |   -0.50,  -23.07 |   -1.58,  -23.04 | -180.00, -182.73 
  37 1624 -4 -4 |   -0.50,  -19.57 |   -1.42,  -19.54 | -180.00, -182.73 
 435   42 -1 -1 |   82.18, -147.46 |   81.28, -122.13 |   92.02,   92.02 
  38   12 -5 -5 |  -23.87,   -1.45 |  -23.95,    0.38 |   94.63,   90.00 
  38   12 -4 -4 |  -20.38,   -1.17 |  -20.45,    0.38 |   94.63,   90.00 
1266   28 -1  2 |   19.21, -137.86 |   -0.92, -123.99 | -178.77,   91.41 
 449   42  1 -1 |   70.76, -133.26 |   81.28, -122.13 | -358.77,   92.02 
 239    4 -1  2 |  -98.13,  136.19 |  -77.54,  120.37 | -361.30,  269.84 
  41  435 -1 -1 |   82.69, -182.35 |   82.18, -147.46 |   90.15,   92.02 
  41  358 -1 -1 |   82.69, -182.35 |   82.18, -147.46 |   90.15, -267.98 
  41  406 -1 -1 |   82.69, -182.35 |   82.18, -147.46 |   90.15,   92.02 
  41  622  1  1 |   85.67, -147.34 |   86.19, -182.34 |  272.02,  270.15 
 139   76 -1 -1 |  -18.92,  134.40 |   21.24,  134.29 |   -1.30,   -0.82 
1156    5 -1 -1 |  235.53,  -17.09 |  221.07,   -1.68 | -268.61, -179.14 
1678   22  1  1 | -145.06,  112.81 | -145.56,   92.68 |  259.09,  270.03 
  42 1806 -1 -1 |   81.28, -122.13 |   79.96,  -84.67 |   92.02,   92.02 
  42  442  1  1 |   83.45,  -84.55 |   84.78, -122.01 |  272.02,  272.02 
  42  434  1  1 |   83.45,  -84.55 |   84.78, -122.01 |  272.02,  272.02 
  42  399  1  1 |   83.45,  -84.55 |   84.78, -122.01 |  272.02,  272.02 
  20 1829 -1 -1 |  -99.56, -140.41 | -149.00,  -10.69 | -178.77,   90.03 
  20 1853 -1 -1 |  -99.56, -140.41 | -149.00,  -10.69 | -178.77,   90.03 
  20  852  1  1 | -145.50,  -10.69 |  -99.64, -136.91 |  270.03,    1.23 
  20  823  1  1 | -145.50,  -10.69 |  -99.64, -136.91 |  270.03,    1.23 
  20  800  1  1 | -145.50,  -10.69 |  -99.64, -136.91 |  270.03,    1.23 
1679   23 -1 -1 | -149.06,   92.68 | -148.49,  113.47 |   90.03,   79.09 
  43  489 -1 -1 |   79.25,  -64.69 |   77.60,  -17.86 |   92.02, -267.98 
  43 1805  1  1 |   81.09,  -17.74 |   82.75,  -64.56 |  272.02,  272.02 
1049   47  1  1 |  150.96,   62.44 |  185.66,   62.35 |  359.85,  359.85 
  44 1917 -5 -1 | -105.18,   21.03 | -129.62,   45.75 |  134.68, -225.32 
  44 1930 -4 -1 | -102.69,   23.49 | -127.13,   48.21 |  134.68, -225.32 
  33   83 -2 -1 |   -9.21,  179.86 |   -9.20,  180.88 |   89.64,   89.64 
  33   88 -1 -1 |   -5.71,  179.83 |   -5.70,  180.85 |   89.64,   89.64 
  33   32  4  4 |    2.30,  180.80 |    2.29,  179.78 |  269.64,  269.64 
  33   32  5  5 |    5.80,  180.78 |    5.79,  179.76 |  269.64,  269.64 
 442   18  1 -1 |   84.78, -122.01 |   70.84, -136.75 |  272.02, -178.77 
  45 1435 -2 -1 |   90.95,   66.04 |   91.52,   65.61 |  -36.81,  -36.45 
  46 1192  3  3 |   28.99,    3.60 |   32.41,    3.58 |   -0.99,  359.83 
  46 1192  4  4 |   29.05,    7.10 |   32.42,    7.08 |   -0.99,  359.83 
 144   24  1  1 |   21.19,  130.79 |  -18.99,  130.90 |  179.18,  178.70 
 183   30  4  4 |    2.10,  149.11 |    1.91,  118.27 |  269.64,  269.64 
 183   30  5  5 |    5.60,  149.09 |    5.41,  118.25 |  269.64,  269.64 
 184   31 -2 -2 |   -9.59,  118.35 |   -9.40,  149.19 |   89.64,   89.64 
 184   31 -1 -1 |   -6.09,  118.32 |   -5.90,  149.16 |   89.64,   89.64 
 383   17  1  1 |   70.76, -133.26 |   96.11, -132.71 |    1.23,    1.23 
 291   69 -1  2 |  -84.54,  120.39 |  -85.14,  146.89 |   89.84,   89.79 
 298   69 -1  3 |  -88.04,  120.40 |  -88.64,  146.90 |   89.84,   89.79 
 316   23  1  1 |  -61.08,  131.85 |  -98.20,  132.69 |  178.70,  178.70 
1960   68  2  2 |  -68.99,  193.87 |  -33.15,  204.11 |   41.39,  359.86 
1960   68  3  3 |  -71.30,  196.50 |  -33.14,  207.61 |   41.39,  359.86 
1142   66  1 -2 |  220.90,    9.82 |  231.10,   21.31 | -359.14,   91.39 
 324   23 -1  1 |  -78.14,  146.86 |  -98.20,  132.69 | -450.21,  178.70 
 332   69 -1  3 |  -98.13,  136.19 |  -88.64,  146.90 |   -1.30,   89.79 
 341   24 -1 -1 |  -74.64,  146.85 |  -61.00,  135.35 | -450.21,   -1.30 
1577   38 -3 -5 |   -7.72,  -29.63 |  -23.87,   -1.45 |   99.60,   94.63 
1577   38 -2 -4 |   -4.27,  -29.05 |  -20.38,   -1.17 |   99.60,   94.63 
 350   69  1  2 |  -61.08,  131.85 |  -85.14,  146.89 | -181.30,   89.79 
 358   17 -1  1 |   82.18, -147.46 |   96.11, -132.71 | -267.98,    1.23 
 365   41 -1  1 |   96.18, -136.21 |   85.67, -147.34 | -178.77,  272.02 
 384   18 -1 -1 |   96.18, -136.21 |   70.84, -136.75 | -178.77, -178.77 
 800    2  1  2 |  -99.64, -136.91 |  -77.97, -150.89 |    1.23,  271.84 
 394   42 -1 -1 |   96.18, -136.21 |   81.28, -122.13 | -178.77,   92.02 
1301   28  1  3 |  -13.44, -135.06 |   -4.42, -124.08 | -358.77,   91.41 
  74 1453 -1 -1 |  150.28, -120.85 |  149.62,  -82.83 |   91.00, -269.00 
  74 1467 -1 -1 |  150.28, -120.85 |  149.62,  -82.83 |   91.00, -269.00 
  74 1734  1  1 |  153.12,  -82.77 |  153.78, -120.79 |  271.00,  271.00 
  74 1708  1  1 |  153.12,  -82.77 |  153.78, -120.79 |  271.00,  271.00 
 483    7  4  4 |   64.51,    3.98 |   93.51,    4.42 | -359.14,    0.86 
 483    7  5  5 |   64.45,    7.48 |   93.46,    7.92 | -359.14,    0.86 
  83   68 -1 -2 |   -9.20,  180.88 |  -20.41,  193.58 |   89.64,  179.86 
 494   43 -1  1 |   93.68,   -7.08 |   81.09,  -17.74 | -179.14,  272.02 
1737   30  3 -1 |   -6.58,   41.61 |   -6.57,   43.61 |   89.64,   89.64 
1737   30  4 -2 |  -10.08,   41.63 |  -10.07,   43.63 |   89.64,   89.64 
1737 1737  3  3 |   -7.52,   30.36 |   -6.58,   41.61 |   80.77,   89.64 
1737 1737  4  4 |  -10.98,   30.92 |  -10.08,   41.63 |   80.77,   89.64 
 101   67  2  2 |  -20.38,  204.08 |   17.13,  203.99 |   -0.14,  359.86 
 101   67  3  3 |  -20.37,  207.58 |   17.14,  207.49 |   -0.14,  359.86 
 510   65  1 -1 |  140.65, -193.97 |  166.21, -197.40 | -358.56,   -0.00 
 526    0  1 -2 |  166.21, -207.90 |  140.92, -204.47 |  180.00, -178.56 
 533   73  1 -1 |  140.56, -190.47 |  151.33, -181.03 | -358.56,   91.00 
 743    3 -2 -2 |  -88.47, -151.23 |  -88.71, -124.91 |   91.84,   89.84 
 743    3 -1 -1 |  -84.97, -151.12 |  -85.21, -124.92 |   91.84,   89.84 
1772   10  3 -4 |   11.52,   16.10 |   12.90,   14.87 |  -38.75,  -44.28 
1772   10  4 -5 |   13.71,   18.83 |   15.35,   17.38 |  -38.75,  -44.28 
1772 1772  3  3 |    1.42,   41.56 |   11.52,   16.10 |  -90.36,  -38.75 
1772 1772  4  4 |    4.92,   41.53 |   13.71,   18.83 |  -90.36,  -38.75 
1772 1772  3  3 |    1.43,   43.56 |    1.42,   41.56 |  -90.36,  -90.36 
1772 1772  4  4 |    4.93,   43.53 |    4.92,   41.53 |  -90.36,  -90.36 
1363   67  1 -2 |  210.40,   62.29 |  229.66,   80.57 |   -0.15,   91.39 
 551   65  1 -2 |  154.83, -180.97 |  166.21, -193.90 |  271.00,   -0.00 
 588    0  2  2 |   71.53, -195.71 |   97.26, -195.06 |    1.44,    1.44 
 588    0  3  3 |   71.45, -192.21 |   97.17, -191.56 |    1.44,    1.44 
 589    1 -2 -2 |   97.52, -205.56 |   71.80, -206.20 | -178.56, -178.56 
 589    1 -1 -1 |   97.43, -202.06 |   71.71, -202.70 | -178.56, -178.56 
1930   22 -1 -1 | -127.13,   48.21 | -149.05,   78.95 | -225.32,   90.03 
 703   29 -1  2 |   20.82, -203.98 |    0.57, -184.32 | -178.56,   91.41 
1122   15 -3  3 |   22.94,   -0.23 |    8.81,  -29.55 |  -91.53,  257.80 
1122   15 -2  2 |   19.44,   -0.13 |    5.39,  -28.81 |  -91.53,  257.80 
 713    2 -1 -1 |    7.56, -184.14 |  -11.97, -204.81 | -448.59, -178.56 
 317   24 -1 -1 |  -98.13,  136.19 |  -61.00,  135.35 |   -1.30,   -1.30 
 726   29  1  3 |  -12.24, -194.31 |   -2.93, -184.40 |    1.44,   91.41 
 742    2  2  2 |  -78.21, -124.94 |  -77.97, -150.89 |  269.84,  271.84 
 742    2  3  3 |  -74.71, -124.95 |  -74.48, -150.78 |  269.84,  271.84 
 776   19 -1  1 |  -84.97, -151.12 |  -65.15, -136.17 |   91.84,    1.23 
1192    8  3  4 |   43.48,    3.67 |   46.38,    3.71 |    0.86,    0.86 
1192    8  4  5 |   43.42,    7.17 |   46.33,    7.21 |    0.86,    0.86 
1192 1192  3  3 |   32.41,    3.58 |   43.48,    3.67 |  359.83,    0.86 
1192 1192  4  4 |   32.42,    7.08 |   43.42,    7.17 |  359.83,    0.86 
 783    2 -1  3 |  -65.08, -139.67 |  -74.48, -150.78 | -538.77,  271.84 
 791   20 -1 -1 |  -88.47, -151.23 |  -99.56, -140.41 |   91.84, -178.77 
game